0.209397 8 1543117824 32768 W
0.209710 8 1542540288 24576 W
0.224548 8 362756096 4096 W
0.224909 8 362759680 1024 W
0.226255 8 362757632 1536 W
0.226834 8 362759168 512 W
0.436231 8 1543117824 32768 W
0.436544 8 1542540288 24576 W
0.451382 8 362756096 4096 W
0.451743 8 362759680 1024 W
0.453089 8 362757632 1536 W
0.453668 8 362759168 512 W
0.663065 8 1543117824 32768 R
0.663378 8 1542540288 24576 W
0.678216 8 362756096 4096 W
0.678577 8 362759680 1024 W
0.679923 8 362757632 1536 W
0.680502 8 362759168 512 W
